A;RTSALEDATA;230;20190225 01:16;VALNET;
B;230;2605444;1;20190225 01:16;JUANBUNG;;1679;OXLEY RD;OXLEY;2711;27478;H;20181221;20190215;47870000;RU1;3;FARM LAND;;RG1;;0;AP72485;
C;230;2605444;1;20190225 01:16;2, 4/607493 13/751178 1, 2, 3, 4, 5, 6, 7, 8, 9, 10, 11, 12, 13, 14, 1;
C;230;2605444;1;20190225 01:16;5, 16, 17, 18, 19, 20, 21, 22, 23, 24, 25, 26, 27, 28, 29, 30, 31, 32,;
C;230;2605444;1;20190225 01:16; 33, 34, 35, 36/751192 1, 2, 3, 4, 5, 6, 7, 8, 9, 10, 11, 12, 13, 14, ;
C;230;2605444;1;20190225 01:16;15, 16, 17, 18, 19, 20, 21, 22, 23, 24, 25, 26/751221 3, 4, 5, 6, 7, 8;
C;230;2605444;1;20190225 01:16;, 9, 10, 11, 12, 13, 14, 15, 16, 17, 18, 19, 20, 21, 22, 23, 24, 25, 2;
C;230;2605444;1;20190225 01:16;6, 27, 28, 29, 30, 33, 34, 35, 36, 37, 38, 39, 40, 41, 42, 43, 52/7512;
C;230;2605444;1;20190225 01:16;33 1, 2, 3, 4, 5, 6, 7, 8, 9, 10, 11, 12, 13, 14, 15, 16, 17, 18, 19, ;
C;230;2605444;1;20190225 01:16;20, 21, 22, 23, 24, 25, 26, 27, 28, 29, 30, 31, 32, 33, 37, 38, 39, 40;
C;230;2605444;1;20190225 01:16;, 41, 42, 43, 44, 45, 46, 47, 48, 49, 50, 51, 52, 53, 54, 55, 56, 57, ;
C;230;2605444;1;20190225 01:16;58, 59, 60, 61, 62, 63, 64, 65, 66, 67, 68, 69, 70, 71, 72, 73, 74, 75;
C;230;2605444;1;20190225 01:16;, 76, 77, 78, 79, 80, 81, 82, 83, 84, 85, 86, 87, 88, 89/751235;
D;230;2605444;1;20190225 01:16;P;;;;;;
D;230;2605444;1;20190225 01:16;V;;;;;;
B;230;2604880;2;20190225 01:16;;;79;CHURCH ST;BALRANALD;2715;1208;M;20190205;20190205;43333;RU5;R;RESIDENCE;;ZB1;;0;AP69738;
C;230;2604880;2;20190225 01:16;1/509396;
D;230;2604880;2;20190225 01:16;P;;;;;;
D;230;2604880;2;20190225 01:16;P;;;;;;
D;230;2604880;2;20190225 01:16;V;;;;;;
D;230;2604880;2;20190225 01:16;V;;;;;;
D;230;2604880;2;20190225 01:16;V;;;;;;
D;230;2604880;2;20190225 01:16;V;;;;;;
D;230;2604880;2;20190225 01:16;V;;;;;;
Z;25;2;12;9;
